1. [16,21,11,8,12,22] -> Merge Sort
                                 Step1:   16,21,11,8,12,22
                                    
                                Step2: 16,21,11      8,12,22
                                 
                              Step3: 16,21    11     8,12       22
                              
                           Step4:  16    21   11   8     12     22
                            
                          Step5:   16,21  11       8,12       22
                            
                           Step6: 11,16,21         8,12,22
                            
                                  Step7:    8,11,12,16,21,22
                                  
 2. Big-O: O(nlogn)
                            
